{"map": 
[[-0.02851895, 0.03362311, 0.09090909, 0.14236535, 0.18688437, 0.22327239,  0.25034443, 0.26706748, 0.27272727, 0.26706748, 0.25034443, 0.22327239,  0.18688437, 0.14236535, 0.09090909, 0.03362311],
 [ 0.03362311, 0.10004591, 0.16185959, 0.21797043, 0.26706748, 0.30765699,  0.33817183, 0.35717565, 0.36363636, 0.35717565, 0.33817183, 0.30765699,  0.26706748, 0.21797043, 0.16185959, 0.10004591],
 [ 0.09090909, 0.16185959, 0.22861078, 0.2899773,  0.34444522, 0.39016328,  0.42504043, 0.44702159, 0.45454545, 0.44702159, 0.42504043, 0.39016328,  0.34444522, 0.2899773,  0.22861078, 0.16185959],
 [ 0.14236535, 0.21797043, 0.2899773,  0.35717565, 0.4178978,  0.46991346,  0.51043956, 0.53645277, 0.54545455, 0.53645277, 0.51043956, 0.46991346,  0.4178978,  0.35717565, 0.2899773,  0.21797043],
 [ 0.18688437, 0.26706748, 0.34444522, 0.4178978,  0.48574052, 0.54545455,  0.59344219, 0.62517222, 0.63636364, 0.62517222, 0.59344219, 0.54545455,  0.48574052, 0.4178978,  0.34444522, 0.26706748],
 [ 0.22327239, 0.30765699, 0.39016328, 0.46991346, 0.54545455, 0.61430539,  0.67222261, 0.71252021, 0.72727273, 0.71252021, 0.67222261, 0.61430539,  0.54545455, 0.46991346, 0.39016328, 0.30765699],
 [ 0.25034443, 0.33817183, 0.42504043, 0.51043956, 0.59344219, 0.67222261,  0.74287026, 0.79672109, 0.81818182, 0.79672109, 0.74287026, 0.67222261,  0.59344219, 0.51043956, 0.42504043, 0.33817183],
 [ 0.26706748, 0.35717565, 0.44702159, 0.53645277, 0.62517222, 0.71252021,  0.79672109, 0.87143513, 0.90909091, 0.87143513, 0.79672109, 0.71252021,  0.62517222, 0.53645277, 0.44702159, 0.35717565],
 [ 0.27272727, 0.36363636, 0.45454545, 0.54545455, 0.63636364, 0.72727273,  0.81818182, 0.90909091, 1.00000000, 0.90909091, 0.81818182, 0.72727273,  0.63636364, 0.54545455, 0.45454545, 0.36363636],
 [ 0.26706748, 0.35717565, 0.44702159, 0.53645277, 0.62517222, 0.71252021,  0.79672109, 0.87143513, 0.90909091, 0.87143513, 0.79672109, 0.71252021,  0.62517222, 0.53645277, 0.44702159, 0.35717565],
 [ 0.25034443, 0.33817183, 0.42504043, 0.51043956, 0.59344219, 0.67222261,  0.74287026, 0.79672109, 0.81818182, 0.79672109, 0.74287026, 0.67222261,  0.59344219, 0.51043956, 0.42504043, 0.33817183],
 [ 0.22327239, 0.30765699, 0.39016328, 0.46991346, 0.54545455, 0.61430539,  0.67222261, 0.71252021, 0.72727273, 0.71252021, 0.67222261, 0.61430539,  0.54545455, 0.46991346, 0.39016328, 0.30765699],
 [ 0.18688437, 0.26706748, 0.34444522, 0.4178978,  0.48574052, 0.54545455,  0.59344219, 0.62517222, 0.63636364, 0.62517222, 0.59344219, 0.54545455,  0.48574052, 0.4178978,  0.34444522, 0.26706748],
 [ 0.14236535, 0.21797043, 0.2899773,  0.35717565, 0.4178978,  0.46991346,  0.51043956, 0.53645277, 0.54545455, 0.53645277, 0.51043956, 0.46991346,  0.4178978,  0.35717565, 0.2899773,  0.21797043],
 [ 0.09090909, 0.16185959, 0.22861078, 0.2899773,  0.34444522, 0.39016328,  0.42504043, 0.44702159, 0.45454545, 0.44702159, 0.42504043, 0.39016328,  0.34444522, 0.2899773,  0.22861078, 0.16185959],
 [ -1.0, 0.10004591, 0.16185959, 0.21797043, 0.26706748, 0.30765699,  0.33817183, 0.35717565, 0.36363636, 0.35717565, 0.33817183, 0.30765699,  0.26706748, 0.21797043, 0.16185959, 0.10004591]]}